Date	LHUR	PUNEW	FYFF	FYGM3	FYGT1	EXRUK	GDP_JP
1957:01 	3,933333333	27,77666667	2,96	3,08	3,42	279,3047	10149
1957:02 	4,1	28,01333333	3	3,29	3,65	279,0237	10904
1957:03 	4,233333333	28,26333333	3,47	3,53	4,07	278,5088	11231
1957:04 	4,933333333	28,4	2,98	3,04	3,18	280,5796	11075
1958:01 	6,3	28,73666667	1,2	1,3	1,84	281,5398	10973
1958:02 	7,366666667	28,93	0,93	0,83	1,23	281,1111	11325,3
1958:03 	7,333333333	28,91333333	1,76	2,44	3,05	280,3284	11734,1
1958:04 	6,366666667	28,94333333	2,42	2,77	3,29	280,3799	12080,1
1959:01 	5,833333333	28,99333333	2,8	2,8	3,61	281,2708	12223
1959:02 	5,1	29,04333333	3,39	3,21	4,07	281,2537	12869
1959:03 	5,266666667	29,19333333	3,76	4,04	5	280,3704	13680
1959:04 	5,6	29,37	3,99	4,49	5,14	279,8445	13819
1960:01 	5,133333333	29,39666667	3,84	3,31	4,02	280,5857	15162
1960:02 	5,233333333	29,57333333	3,32	2,46	3,36	280,2676	15364
1960:03 	5,533333333	29,59	2,6	2,48	3,07	281,2715	16239
1960:04 	6,266666667	29,78	1,98	2,25	2,86	280,7371	17026
1961:01 	6,8	29,84	2,02	2,39	2,88	279,75	17959
1961:02 	7	29,83	1,73	2,33	3,06	278,98	18695
1961:03 	6,766666667	29,94666667	1,88	2,28	3,06	281,22	19424
1961:04 	6,2	29,99	2,33	2,6	3,18	280,96	20900
1962:01 	5,633333333	30,10666667	2,85	2,72	3,06	281,5298	21428
1962:02 	5,533333333	30,22	2,68	2,73	3,03	280,8301	21769
1962:03 	5,566666667	30,30666667	2,9	2,78	3,06	280,0901	21907
1962:04 	5,533333333	30,38	2,93	2,87	3,01	280,3301	22412
1963:01 	5,766666667	30,47666667	2,98	2,89	3,03	280,0601	23150
1963:02 	5,733333333	30,53333333	2,99	2,99	3,2	280,0198	24488
1963:03 	5,5	30,72	3,48	3,38	3,57	279,7698	25571
1963:04 	5,566666667	30,80333333	3,38	3,52	3,81	279,6497	26867
1964:01 	5,466666667	30,93	3,43	3,54	3,91	279,8101	27933
1964:02 	5,2	30,98	3,5	3,48	3,83	279,4197	29237
1964:03 	5	31,05	3,45	3,53	3,84	278,3401	29905
1964:04 	4,966666667	31,19333333	3,85	3,84	4,02	279,0601	30721
1965:01 	4,9	31,29	4,04	3,93	4,06	279,24	31699
1965:02 	4,666666667	31,49	4,04	3,8	3,99	279,23	32437
1965:03 	4,366666667	31,58333333	4,01	3,92	4,2	279,6697	33475
1965:04 	4,1	31,75	4,32	4,38	4,72	280,21	33558
1966:01 	3,866666667	32,04666667	4,65	4,59	4,97	279,5198	35539,2
1966:02 	3,833333333	32,33666667	5,17	4,5	4,97	278,98	37753,5
1966:03 	3,766666667	32,61666667	5,4	5,37	5,82	278,9297	39148,7
1966:04 	3,7	32,88333333	5,4	4,96	5,2	279,0098	40025,6
1967:01 	3,833333333	32,96666667	4,53	4,26	4,35	279,6272	42074
1967:02 	3,833333333	33,16666667	3,98	3,54	4,48	279,1172	43295
1967:03 	3,8	33,5	3,99	4,42	5,24	278,3694	45546
1967:04 	3,9	33,86666667	4,51	4,97	5,71	240,6298	47540
1968:01 	3,733333333	34,2	5,05	5,17	5,58	239,9718	49302,6
1968:02 	3,566666667	34,53333333	6,07	5,52	5,98	238,462	51317,6
1968:03 	3,533333333	35	5,78	5,19	5,45	238,7395	53237,1
1968:04 	3,4	35,43333333	6,02	5,96	6,19	238,4157	57507,6
1969:01 	3,4	35,86666667	6,79	6,02	6,34	239,1671	57632
1969:02 	3,433333333	36,43333333	8,9	6,44	7,04	238,95	60612,4
1969:03 	3,566666667	36,93333333	9,15	7,09	7,82	238,4	63086,9
1969:04 	3,566666667	37,5	8,97	7,82	8,17	239,73	66786
1970:01 	4,166666667	38,1	7,76	6,63	6,97	240,58	69527
1970:02 	4,766666667	38,63333333	7,6	6,68	7,55	239,77	71738
1970:03 	5,166666667	39,03333333	6,29	6,12	6,73	238,53	74777
1970:04 	5,833333333	39,6	4,9	4,87	5	239,06	76524
1971:01 	5,933333333	39,93333333	3,71	3,38	3,69	241,87	77842
1971:02 	5,9	40,3	4,91	4,75	5,64	241,87	79555
1971:03 	6,033333333	40,7	5,55	4,69	5,41	246,94	81698
1971:04 	5,933333333	41	4,14	4,01	4,6	252,66	83062
1972:01 	5,766666667	41,33333333	3,83	3,73	4,67	261,81	87117
1972:02 	5,7	41,6	4,46	3,91	4,93	256,91	89731
1972:03 	5,566666667	41,93333333	4,87	4,66	5,52	244,1	93788
1972:04 	5,366666667	42,36666667	5,33	5,07	5,52	234,48	97757
1973:01 	4,933333333	43,03333333	7,09	6,09	6,85	247,24	104568
1973:02 	4,933333333	43,93333333	8,49	7,19	7,31	257,62	109319
1973:03 	4,8	44,8	10,78	8,29	8,31	241,83	113518
1973:04 	4,766666667	45,93333333	9,95	7,45	7,27	231,74	120420
1974:01 	5,133333333	47,3	9,35	7,96	7,76	234,06	123283
1974:02 	5,2	48,56666667	11,93	7,9	8,67	239,02	131736
1974:03 	5,633333333	49,93333333	11,34	8,06	8,87	231,65	137890
1974:04 	6,6	51,46666667	8,53	7,15	7,31	232,94	141613
1975:01 	8,266666667	52,56666667	5,54	5,49	6,11	241,8	141887
1975:02 	8,866666667	53,2	5,55	5,34	6,29	228,03	146444
1975:03 	8,466666667	54,26666667	6,24	6,42	7,75	208,35	149751
1975:04 	8,3	55,26666667	5,2	5,44	6,6	202,21	154088
1976:01 	7,733333333	55,9	4,84	5	6,21	194,28	159302
1976:02 	7,566666667	56,4	5,48	5,41	6,52	176,4	164546
1976:03 	7,733333333	57,3	5,25	5,08	5,84	172,72	169524
1976:04 	7,766666667	58,13333333	4,65	4,35	4,89	167,84	172022
1977:01 	7,5	59,2	4,69	4,6	5,5	171,7408	179402
1977:02 	7,133333333	60,23333333	5,39	5,02	5,8	171,914	183207
1977:03 	6,9	61,06666667	6,14	5,81	6,53	174,3139	187162
1977:04 	6,666666667	61,96666667	6,56	6,07	6,96	185,4575	191997
1978:01 	6,333333333	63,03333333	6,79	6,29	7,31	190,5467	197835
1978:02 	6	64,46666667	7,6	6,73	8,09	183,7244	201639
1978:03 	6,033333333	65,96666667	8,45	7,85	8,64	195,95	206879
1978:04 	5,9	67,5	10,03	9,08	10,3	198,6109	210785
1979:01 	5,866666667	69,2	10,09	9,48	10,25	203,78	215043
1979:02 	5,7	71,4	10,29	9,06	9,57	211,19	219875
1979:03 	5,866666667	73,7	11,43	10,26	10,84	219,66	223217
1979:04 	5,966666667	76,03333333	13,78	12,04	11,98	220,07	226526
1980:01 	6,3	79,03333333	17,19	15,2	15,82	220,4511	231999,8
1980:02 	7,333333333	81,7	9,47	7,07	8,16	233,5943	236053
1980:03 	7,666666667	83,23333333	10,87	10,27	11,52	240,1233	243962,91
1980:04 	7,4	85,56666667	18,9	15,49	14,88	234,5937	249946
1981:01 	7,433333333	87,93333333	14,7	13,36	13,71	223,19	254559,91
1981:02 	7,4	89,76666667	19,1	14,73	14,86	197,38	255595,59
1981:03 	7,4	92,26666667	15,87	14,7	16,52	181,46	261035,2
1981:04 	8,233333333	93,76666667	12,37	10,85	12,85	190,3329	264012,19
1982:01 	8,833333333	94,6	14,68	12,68	13,95	180,5	267124,91
1982:02 	9,433333333	95,96666667	14,15	12,47	14,07	175,63	271720,59
1982:03 	9,9	97,63333333	10,31	7,92	10,85	171,2	273228,81
1982:04 	10,66666667	97,93333333	8,95	7,94	8,91	161,6	275198,59
1983:01 	10,36666667	98	8,77	8,35	9,04	149	278451,19
1983:02 	10,13333333	99,13333333	8,98	8,79	9,66	154,8	281202,31
1983:03 	9,366666667	100,1	9,45	9	10,16	149,86	285152,19
1983:04 	8,533333333	101,1	9,47	9	10,11	143,38	286365,69
1984:01 	7,866666667	102,5333333	9,91	9,52	10,59	145,57	292292,91
1984:02 	7,433333333	103,5	11,06	9,87	12,08	137,7	298527,81
1984:03 	7,433333333	104,4	11,3	10,37	11,58	125,63	303875,69
1984:04 	7,3	105,3	8,38	8,06	9,33	118,61	308001,59
1985:01 	7,233333333	106,2666667	8,58	8,52	9,86	112,53	316702,19
1985:02 	7,3	107,2333333	7,53	6,95	7,8	128,08	320064,19
1985:03 	7,2	107,9	7,92	7,1	8,07	136,42	324477,19
1985:04 	7,033333333	109	8,27	7,1	7,67	144,47	332086,5
1986:01 	7,033333333	109,5666667	7,48	6,56	7,03	146,74	332099
1986:02 	7,166666667	109,0333333	6,92	6,21	6,73	150,85	337871,41
1986:03 	6,966666667	109,7	5,89	5,21	5,77	146,98	341120,69
1986:04 	6,833333333	110,4666667	6,91	5,53	5,87	143,93	343613,91
1987:01 	6,6	111,8	6,13	5,59	6,03	159,23	344760,41
1987:02 	6,266666667	113,0666667	6,73	5,67	6,8	162,88	346317,41
1987:03 	6	114,2666667	7,22	6,4	7,67	164,46	355160,31
1987:04 	5,833333333	115,3333333	6,77	5,77	7,17	182,88	363021,31
1988:01 	5,7	116,2333333	6,58	5,7	6,71	183,3	371485,59
1988:02 	5,466666667	117,5666667	7,51	6,46	7,49	177,68	373538,81
1988:03 	5,466666667	119	8,19	7,24	8,09	168,4	382391,5
1988:04 	5,333333333	120,3	8,76	8,07	8,99	182,58	389289,19
1989:01 	5,2	121,6666667	9,85	8,82	9,57	171,34	400800
1989:02 	5,233333333	123,6333333	9,53	8,15	8,44	155,3	400100,69
1989:03 	5,233333333	124,6	9,02	7,75	8,22	157,15	410036,41
1989:04 	5,366666667	125,8666667	8,45	7,63	7,72	159,65	422579,09
1990:01 	5,3	128,0333333	8,28	7,9	8,35	162,45	424834,19
1990:02 	5,333333333	129,3	8,29	7,73	8,1	171,03	439094,69
1990:03 	5,7	131,5333333	8,2	7,36	7,76	187,94	446521,19
1990:04 	6,133333333	133,7666667	7,31	6,74	7,05	192,19	450219,81
1991:01 	6,6	134,7666667	6,12	5,91	6,4	182,14	462847,19
1991:02 	6,833333333	135,5666667	5,9	5,57	6,36	164,97	465150,09
1991:03 	6,866666667	136,6	5,45	5,22	5,57	172,65	469224,09
1991:04 	7,1	137,7333333	4,43	4,07	4,38	182,72	475944,41
1992:01 	7,366666667	138,6666667	3,98	4,04	4,63	172,38	477201,09
1992:02 	7,6	139,7333333	3,76	3,66	4,17	185,51	481668,41
1992:03 	7,633333333	140,8	3,22	2,91	3,18	184,65	482419,69
1992:04 	7,366666667	142,0333333	2,92	3,22	3,71	155,1	480767,81
1993:01 	7,133333333	143,0666667	3,07	2,95	3,33	146,17	489538,81
1993:02 	7,066666667	144,1	3,04	3,07	3,54	150,82	483332,5
1993:03 	6,8	144,7666667	3,09	2,95	3,36	152,48	482328,09
1993:04 	6,633333333	145,9666667	2,96	3,06	3,61	149,13	481369,69
1994:01 	6,566666667	146,7	3,34	3,5	4,32	149,19	486649
1994:02 	6,2	147,5333333	4,25	4,14	5,27	152,62	489262
1994:03 	6	148,9	4,73	4,62	5,76	156,61	492229
1994:04 	5,633333333	149,7666667	5,45	5,6	7,14	155,87	491944
1995:01 	5,466666667	150,8666667	5,98	5,73	6,43	160,02	492390
1995:02 	5,666666667	152,1	6	5,47	5,64	159,48	493974
1995:03 	5,666666667	152,8666667	5,8	5,28	5,62	155,9	499014
1995:04 	5,566666667	153,7	5,6	5,14	5,31	154,05	501389
1996:01 	5,533333333	155,0666667	5,31	4,96	5,34	152,71	503903
1996:02 	5,5	156,4	5,27	5,09	5,81	154,16	509525
1996:03 	5,266666667	157,3	5,3	5,09	5,83	155,93	510978
1996:04 	5,333333333	158,6666667	5,29	4,91	5,47	166,39	517045
1997:01 	5,233333333	159,6333333	5,39	5,14	5,8	160,96	520537
1997:02 	5	160	5,56	4,93	5,69	164,49	520930
1997:03 	4,866666667	160,8	5,54	4,95	5,52	160,13	519672
1997:04 	4,666666667	161,6666667	5,5	5,16	5,53	165,97	523638
1998:01 	4,633333333	162	5,49	5,03	5,39	166,19	517862
1998:02 	4,4	162,5333333	5,56	4,98	5,41	165,04	511371
1998:03 	4,533333333	163,3666667	5,51	4,61	4,71	168,23	513628
1998:04 	4,433333333	164,1333333	4,68	4,39	4,52	167,08	515037
1999:01 	4,3	164,7333333	4,81	4,44	4,78	162,13	508639
1999:02 	4,266666667	165,9666667	4,76	4,57	5,1	159,5	509767
1999:03 	4,233333333	167,2	5,22	4,68	5,25	162,47	506001
1999:04 	4,066666667	168,4333333	5,3	5,2	5,84	161,32	506428
2000:01:00	4,033333333	170,1	5,85	5,69	6,22	157,99	509212
2000:02:00	3,933333333	171,4333333	6,53	5,69	6,17	150,9245	510965
2000:03:00	4	173	6,52	6	6,13	143,355	511652
2000:04:00	3,9	174,2333333	6,4	5,77	5,6	146,2915	514879
2001:01:00	4,233333333	175,9	5,31	4,42	4,3	144,4459	516339
2001:02:00	4,4	177,2666667	3,97	3,49	3,58	140,201	507542
2001:03:00	4,833333333	177,6666667	3,07	2,64	2,82	146,3811	502521
2001:04:00	5,533333333	177,4333333	1,82	1,69	2,22	144,1265	497700
2002:01:00	5,7	178,0666667	1,73	1,79	2,57	142,3024	497409
2002:02:00	5,833333333	179,5	1,75	1,7	2,2	148,3685	497511
2002:03:00	5,733333333	180,4333333	1,75	1,63	1,72	155,63	500751
2002:04:00	5,866666667	181,3666667	1,24	1,19	1,45	158,63	498534
2003:01:00	5,833333333	183,2333333	1,25	1,13	1,24	158,25	494468
2003:02:00	6,133333333	183,4	1,22	0,92	1,01	166,0876	497335
2003:03:00	6,133333333	184,4	1,01	0,94	1,24	161,55	498889
2003:04:00	5,866666667	184,8	0,98	0,9	1,31	175,16	502022
2004:01:00	5,666666667	186,5666667	1	0,94	1,19	182,61	507510
2004:02:00	5,566666667	188,6	1,03	1,27	2,12	182,7909	505843
2004:03:00	5,433333333	189,3666667	1,61	1,65	2,12	179,37	504948,91
2004:04:00	5,433333333	191,0333333	2,16	2,19	2,67	192,9214	505073,69
2005:01:00	5,266666667	192,1666667	2,63	2,74	3,3	190,43	508505,5